1000 5000
619 382
193 438
66 466
333 179
302 733
283 768
901 784
135 28
222 61
160 583
889 505
117 521
291 796
609 465
321 680
951 522
847 706
546 504
665 318
619 717
767 585
354 998
634 725
69 301
643 62
17 830
21 973
705 650
570 679
867 827
556 695
339 617
940 69
116 272
412 930
886 523
927 520
145 644
991 173
828 734
237 798
634 422
233 447
15 121
303 935
3 729
733 759
641 711
86 194
541 41
625 116
880 86
909 275
988 549
834 287
583 326
327 233
887 698
645 924
672 625
677 817
575 503
985 865
872 744
524 370
669 611
516 494
134 968
562 732
418 740
375 220
341 852
754 419
873 186
739 210
439 808
37 707
511 310
111 810
720 670
899 385
714 882
686 67
668 615
185 206
659 242
574 213
687 847
737 73
722 497
975 504
366 234
388 247
868 53
615 19
886 77
157 555
941 221
703 849
258 759
914 949
616 510
668 432
783 85
466 933
341 738
996 289
853 770
949 147
975 416
567 335
83 53
875 543
133 951
505 362
581 647
485 25
201 932
376 268
645 247
92 368
485 148
148 962
517 920
389 257
171 930
600 158
684 285
151 407
778 67
339 826
70 370
370 383
233 395
577 433
868 604
515 952
228 983
157 392
662 389
43 772
271 688
928 346
987 243
876 188
340 616
329 232
995 442
657 857
257 716
928 456
382 178
900 630
620 924
488 615
592 840
139 689
379 752
171 578
369 24
339 267
6 384
980 247
921 940
489 398
389 487
547 905
240 474
626 244
932 148
977 195
534 688
962 94
684 524
800 96
946 741
798 630
869 163
848 668
411 500
394 566
602 227
925 339
423 359
884 834
508 345
816 317
540 113
347 110
175 206
183 476
275 355
951 81
609 730
973 453
382 913
170 244
117 232
552 717
368 994
872 109
800 167
116 713
275 633
426 927
899 77
378 912
208 691
918 227
502 401
378 55
456 531
224 77
525 798
368 927
116 972
552 438
451 121
269 181
90 219
608 447
206 804
464 387
51 19
442 257
973 486
465 175
560 574
412 691
119 46
921 98
801 785
807 151
641 504
308 718
152 121
298 574
767 729
304 71
581 182
66 345
620 489
904 296
143 240
926 571
296 262
987 666
792 379
477 116
528 641
81 402
297 301
165 440
305 960
406 321
270 92
159 746
74 316
590 598
115 191
52 338
415 889
633 113
848 545
495 322
921 674
276 212
238 643
779 390
242 486
835 466
727 564
886 446
898 327
837 401
952 602
672 404
469 901
717 251
880 585
550 222
805 379
390 221
156 471
486 716
42 699
567 686
516 827
167 957
807 967
231 560
381 171
854 555
642 379
832 410
290 259
169 312
189 155
136 638
473 369
685 185
677 551
587 615
74 665
65 418
907 870
716 774
617 815
566 387
953 321
55 792
83 365
965 99
144 456
718 833
233 875
816 32
121 993
302 502
300 592
191 165
593 285
592 334
982 751
808 629
805 335
510 84
332 132
989 306
964 126
842 570
436 992
879 775
354 287
464 237
176 524
285 708
944 166
388 565
310 48
291 24
308 370
153 625
950 39
799 388
414 779
512 264
376 626
953 915
82 183
824 949
159 914
742 148
63 869
315 243
23 231
841 344
465 536
66 351
983 822
660 83
962 759
843 367
176 330
842 885
523 335
857 97
184 687
559 473
993 365
939 474
980 924
895 493
287 277
585 419
888 944
850 789
459 871
35 765
684 124
307 517
474 911
93 603
830 487
38 577
370 743
680 946
832 817
853 262
767 2
84 438
300 151
412 605
673 184
43 244
928 316
622 718
492 149
537 339
611 628
43 482
7 846
431 369
520 403
361 170
237 1
252 270
807 855
174 691
549 926
578 675
552 965
654 136
229 782
4 570
947 862
69 74
91 639
347 392
354 129
607 566
551 709
803 636
322 142
828 160
311 814
323 874
213 872
4 397
186 231
408 496
316 259
643 386
316 195
321 720
844 785
496 277
777 275
895 179
726 692
517 666
524 151
764 837
360 848
285 117
931 414
435 244
639 347
286 219
437 195
600 609
990 419
132 553
379 170
426 325
741 338
51 743
235 928
509 67
379 269
856 228
521 696
110 871
662 400
419 705
170 521
501 732
38 759
920 66
460 439
145 362
674 845
324 219
249 691
958 33
866 281
285 110
856 417
300 786
175 469
118 157
568 950
39 115
83 315
708 568
947 787
432 47
997 112
578 938
379 251
32 325
676 633
156 90
155 346
159 501
380 315
162 674
320 606
632 243
597 436
559 776
491 938
986 185
655 209
320 422
136 762
141 248
189 321
791 573
575 456
245 685
115 651
274 657
446 494
205 459
661 6
335 907
993 911
755 147
780 949
395 392
918 160
70 748
503 638
615 738
981 458
209 247
49 918
701 233
737 236
146 262
405 676
14 555
138 839
531 446
756 367
984 295
466 127
467 805
809 411
108 729
629 359
896 288
780 321
557 892
168 827
765 688
403 571
468 450
81 544
669 883
792 633
710 43
285 785
468 186
631 765
439 234
353 350
970 849
327 927
255 316
238 878
185 556
929 244
81 783
271 694
494 931
112 951
210 163
313 815
728 236
967 985
672 972
581 696
920 94
188 211
529 127
438 665
257 99
908 651
461 218
298 645
173 763
947 641
527 706
276 461
37 339
156 513
272 311
996 749
308 208
368 955
626 655
640 653
738 691
272 840
734 691
381 177
523 245
211 535
531 839
346 254
636 146
999 529
379 771
37 798
223 748
893 60
765 123
417 166
14 423
710 584
850 355
922 277
567 710
588 593
856 150
365 909
198 5
391 459
274 485
738 222
64 366
208 637
60 515
444 445
781 332
75 427
190 901
64 765
128 750
204 821
282 145
631 16
367 559
438 261
907 92
452 398
127 70
663 68
730 290
107 355
395 880
325 14
534 115
534 287
292 156
262 342
140 48
775 551
293 475
960 352
156 273
136 905
609 746
967 421
368 792
928 81
886 208
350 826
303 390
532 47
772 197
435 177
902 507
482 545
876 328
929 662
249 616
236 219
212 611
552 157
196 133
904 688
876 646
831 368
395 503
292 637
477 356
47 817
41 394
212 726
258 442
718 72
372 110
713 873
375 253
554 658
977 317
348 495
941 124
651 667
486 59
382 885
453 556
311 487
936 702
267 837
608 51
87 722
23 994
579 226
472 288
713 544
104 918
490 634
216 716
597 860
620 378
875 197
478 570
58 808
77 30
828 603
388 362
993 49
67 349
959 751
181 103
559 506
21 28
773 883
23 981
674 304
845 38
621 501
184 560
975 729
274 171
59 202
25 972
807 691
783 794
571 41
601 532
865 615
783 231
862 578
290 861
801 229
642 368
28 119
763 685
811 61
642 669
690 565
113 782
683 262
51 959
336 175
727 732
54 903
348 550
420 4
984 307
630 345
32 89
708 895
386 706
507 614
898 741
135 486
913 658
477 31
750 232
8 934
455 589
964 538
273 21
512 261
555 918
334 334
65 467
791 201
761 388
402 783
687 984
993 279
461 110
42 269
882 302
918 795
350 244
96 587
566 15
971 763
840 528
840 318
549 672
986 34
29 369
922 900
271 967
13 657
674 610
300 326
21 548
936 495
901 3
29 310
730 92
186 298
63 197
169 622
68 541
450 452
622 634
529 904
921 422
637 157
181 2
475 922
442 312
153 198
435 771
793 20
149 875
443 482
190 739
634 48
855 882
155 263
981 875
705 456
558 242
46 647
278 246
704 599
637 500
53 518
435 731
312 406
488 748
506 882
414 459
668 700
746 742
966 404
818 714
388 11
479 70
925 582
172 231
304 361
136 756
733 679
960 202
657 190
381 179
642 477
31 438
842 263
185 345
477 917
886 309
162 829
118 376
632 990
801 561
243 958
141 106
155 82
916 108
754 922
17 164
130 764
786 837
418 740
325 774
109 887
216 402
86 332
871 279
177 194
580 599
425 177
690 741
871 317
68 131
770 440
677 855
232 794
661 435
344 242
154 94
814 895
409 26
284 513
517 42
234 109
636 192
155 325
774 392
916 957
41 58
521 649
793 815
771 498
319 935
748 787
178 847
890 138
577 726
706 183
812 150
622 785
588 511
907 633
538 284
997 12
112 940
585 257
553 932
779 912
387 817
367 91
161 964
16 867
585 955
345 510
29 508
542 914
644 458
364 946
436 773
872 736
182 22
155 760
488 138
194 315
666 44
769 981
39 784
7 545
259 491
861 593
999 923
289 85
906 499
383 370
581 91
539 800
209 984
316 169
426 296
428 932
392 618
729 660
630 202
656 976
166 876
463 435
318 116
458 906
707 658
974 189
421 102
701 302
513 583
231 12
811 95
702 521
597 817
472 971
285 488
389 461
879 378
787 989
579 593
395 188
736 368
439 664
427 847
643 541
261 908
712 366
592 449
112 111
212 424
222 439
503 763
66 670
765 585
443 562
897 814
461 271
859 267
876 613
39 856
683 909
271 604
809 509
572 271
500 655
307 635
732 161
980 829
457 559
995 813
67 231
861 789
683 637
417 831
302 786
354 550
991 461
462 751
501 697
430 441
677 521
576 645
816 374
295 259
85 86
886 951
593 418
80 789
991 749
177 24
742 912
813 125
51 234
314 249
118 402
658 158
285 937
33 642
509 341
563 593
38 114
110 315
994 462
305 153
116 893
653 392
138 169
801 487
646 335
632 610
395 383
243 754
650 119
534 939
768 596
564 436
975 180
985 323
304 642
136 974
891 849
245 290
295 599
559 631
471 570
49 246
62 887
120 949
140 636
622 227
200 947
176 462
509 516
330 853
389 797
547 797
929 111
451 707
724 41
213 257
448 101
896 949
597 918
2 165
111 521
431 44
15 526
823 737
705 495
57 382
731 488
737 902
223 673
707 437
985 795
666 776
103 794
928 393
918 1000
574 709
641 896
96 115
45 770
92 204
5 873
116 473
313 818
414 190
623 158
934 797
464 629
684 594
29 964
496 568
857 898
604 683
406 598
474 618
291 668
547 383
263 588
76 115
531 622
70 572
300 733
528 265
36 122
267 310
929 510
146 450
234 558
819 6
34 584
571 27
155 532
232 139
954 460
240 927
455 504
105 727
660 246
16 22
330 738
291 814
510 834
959 279
119 305
947 758
253 839
837 851
383 84
69 372
836 63
668 836
350 946
534 468
54 794
45 779
900 929
237 477
463 788
263 969
931 35
373 570
694 469
373 802
438 616
706 526
117 359
960 5
159 932
527 140
900 139
92 366
419 537
844 977
772 695
189 258
533 188
985 331
245 621
556 309
455 584
413 721
332 140
475 118
12 174
106 847
68 73
710 998
379 636
533 293
551 31
748 598
979 962
994 660
21 844
373 809
327 441
128 889
953 517
570 821
923 71
49 468
534 933
873 237
626 508
229 345
43 960
210 286
143 501
269 356
903 374
908 235
715 75
336 875
677 495
640 189
763 394
791 896
2 861
580 985
727 141
42 320
979 568
796 85
79 697
619 795
605 160
301 388
376 629
700 1
238 544
982 625
883 820
505 881
632 603
540 288
837 112
652 612
483 575
343 126
595 102
36 180
710 724
789 430
848 458
550 846
674 275
593 798
978 260
898 584
117 449
944 150
360 283
938 858
615 523
97 545
220 622
482 978
830 728
621 350
518 337
832 187
384 998
304 12
536 264
141 825
358 282
773 876
270 274
998 307
448 82
890 387
273 535
238 122
826 608
636 649
18 737
391 20
842 798
833 540
607 551
904 754
786 232
887 584
684 254
748 226
542 126
217 737
130 494
176 333
834 75
997 247
331 230
374 704
317 579
127 686
428 657
575 962
867 670
225 524
705 614
837 296
814 213
270 404
762 789
643 610
382 535
194 687
301 370
588 385
526 220
170 888
874 862
101 979
763 122
814 190
290 950
577 459
268 455
144 959
83 394
555 440
334 531
385 571
683 7
949 411
191 127
584 404
488 614
49 580
392 271
727 2
538 797
272 715
908 532
172 536
267 252
426 165
695 170
211 444
347 861
375 537
363 813
960 294
276 163
622 797
173 123
617 722
62 507
934 394
415 586
781 234
430 956
69 425
633 112
862 273
676 242
607 103
701 941
841 49
910 610
834 156
547 145
924 120
904 580
164 374
240 24
102 546
31 748
986 294
223 40
430 198
682 740
185 416
436 203
172 797
331 231
683 31
553 531
789 332
869 59
416 124
709 982
458 221
157 738
722 732
398 671
349 278
709 428
185 68
538 539
214 478
722 385
773 829
204 854
553 467
326 428
788 861
328 336
991 797
906 267
660 494
419 75
153 832
985 877
861 405
682 738
371 692
52 681
282 852
326 839
454 785
252 3
688 550
585 92
865 270
149 105
479 928
463 669
273 144
361 442
464 90
469 525
522 863
487 608
430 827
542 330
907 752
832 364
513 477
481 230
41 977
849 215
943 175
642 697
75 706
851 779
582 286
2 182
355 7
578 400
37 477
519 925
525 655
858 666
699 432
233 734
83 985
972 882
881 95
406 262
144 231
483 99
715 354
650 626
407 24
663 269
988 189
525 110
50 916
707 138
318 96
499 33
365 651
926 217
753 768
194 661
254 917
753 972
974 626
502 853
503 817
711 508
170 894
838 169
696 286
99 815
836 364
171 301
293 483
458 682
924 145
773 973
954 217
871 404
749 59
239 377
404 775
88 97
703 763
914 723
185 185
881 872
823 682
545 848
791 284
421 435
736 579
370 72
743 651
427 819
276 290
941 983
525 351
860 378
565 402
24 965
165 633
742 8
844 213
308 921
908 97
250 300
125 468
65 13
610 106
322 150
578 98
384 65
492 44
995 375
870 380
643 371
222 445
135 248
823 629
613 535
407 191
726 749
4 885
290 558
985 444
389 586
582 134
783 90
615 349
99 723
745 993
519 810
144 827
879 949
629 148
896 56
343 210
931 595
796 196
746 550
8 683
317 323
342 29
2 398
810 830
570 288
516 511
246 400
636 212
887 959
477 261
354 965
61 903
205 546
36 420
94 35
995 441
704 844
946 706
642 429
949 425
299 956
756 53
224 368
775 502
814 17
180 237
545 648
821 584
761 711
405 211
23 551
694 952
274 14
313 101
557 925
394 571
377 727
992 358
781 749
204 761
876 777
258 7
936 31
931 128
483 83
239 575
152 838
43 803
674 318
23 253
962 891
609 87
205 631
840 722
629 993
996 27
551 565
918 438
575 67
377 348
366 162
113 217
705 187
595 727
798 762
545 529
347 426
189 661
895 39
895 197
568 975
168 443
989 23
309 627
629 594
139 695
393 224
222 703
432 322
389 730
268 880
107 327
458 960
344 228
716 707
661 393
209 784
544 378
414 757
29 253
677 480
582 453
918 134
653 392
922 72
647 389
321 692
156 254
346 844
169 42
204 379
178 59
798 655
237 329
825 70
783 555
435 483
986 386
445 545
488 545
917 766
211 436
32 948
200 817
222 362
156 738
305 556
650 385
688 1000
463 509
484 470
172 503
752 992
45 517
576 908
117 118
16 718
513 951
546 96
512 728
729 613
64 228
564 689
326 816
540 17
630 671
784 272
403 447
733 312
815 890
715 584
965 955
582 811
655 56
655 996
18 575
120 59
654 590
957 477
360 3
842 577
974 733
780 956
187 718
190 305
23 393
785 651
64 443
441 741
997 161
764 579
698 981
764 98
394 137
207 910
680 926
988 910
566 717
915 83
755 757
444 628
175 46
470 750
569 81
496 287
890 535
492 856
688 524
908 912
32 166
192 971
666 140
199 918
690 130
967 470
999 50
76 139
273 500
754 927
78 646
696 66
695 576
575 456
787 891
477 999
848 992
345 158
507 449
110 699
679 494
148 578
99 785
396 127
846 978
340 846
843 85
884 531
761 903
286 937
211 363
125 644
697 769
232 354
1000 954
642 961
145 997
383 203
195 208
655 434
195 71
565 426
623 173
895 615
170 87
387 111
381 681
936 878
792 369
160 456
717 955
915 827
795 58
374 114
706 903
752 544
332 140
309 286
419 761
364 385
262 513
88 615
376 735
501 165
351 41
744 639
299 225
876 721
371 659
811 421
934 857
756 74
58 813
12 228
725 642
440 242
581 57
549 117
58 662
262 886
605 77
381 851
556 938
882 967
461 654
596 949
277 735
918 973
542 278
477 328
197 454
731 5
420 732
136 186
791 126
504 15
20 954
931 167
864 763
584 119
757 47
252 233
850 727
48 913
311 219
974 15
376 679
437 331
685 220
67 132
615 312
757 756
232 994
750 97
149 428
576 893
382 92
67 199
973 30
641 469
652 704
617 271
472 239
978 455
811 331
883 770
83 301
142 289
225 323
693 313
746 372
448 197
228 970
827 511
327 491
992 259
882 706
490 507
206 643
556 230
752 823
307 205
209 219
948 932
850 507
803 595
913 660
614 18
228 608
981 252
636 54
565 389
490 532
437 186
223 261
103 457
783 292
231 717
647 475
512 209
694 322
834 767
775 245
944 572
735 279
14 664
936 897
426 184
894 540
124 573
227 553
397 765
811 50
130 645
393 394
996 820
348 414
93 109
937 673
143 263
16 678
50 210
506 269
478 944
917 600
135 880
331 23
673 135
332 339
572 482
430 462
57 1
499 276
644 34
393 774
121 540
306 279
206 873
110 895
160 19
349 762
809 820
791 663
714 558
927 724
114 474
284 134
256 642
14 136
92 689
395 951
409 591
189 138
614 261
839 984
3 389
836 217
791 303
828 680
70 281
526 30
384 551
493 555
618 802
323 803
228 967
823 87
779 216
281 563
79 330
418 703
628 837
186 813
993 29
964 94
664 336
154 261
116 426
78 130
909 356
147 772
366 625
256 214
40 735
853 915
420 400
195 147
466 627
606 368
763 600
52 326
79 998
771 170
469 158
312 352
305 802
252 339
140 682
114 832
99 227
384 11
982 210
125 767
423 329
361 322
461 932
688 489
317 266
588 388
280 220
809 295
903 339
487 19
931 363
569 676
154 725
181 587
521 98
84 701
767 687
917 562
699 241
720 798
278 971
527 673
574 345
22 107
320 762
609 791
872 636
713 16
895 130
171 370
804 396
562 40
338 589
833 407
189 573
503 228
330 995
742 693
587 661
349 57
655 265
397 537
22 141
70 390
473 278
895 704
221 171
798 735
248 826
615 371
592 89
580 236
203 206
497 722
123 20
480 272
920 656
487 448
703 414
400 30
541 711
597 340
925 397
625 136
309 720
540 460
919 644
788 26
303 929
963 744
660 870
636 57
632 168
303 795
781 481
410 213
946 263
390 216
30 973
675 517
821 164
399 548
111 498
459 417
566 953
531 593
510 710
312 827
302 205
356 166
362 11
407 630
852 212
6 263
436 287
373 691
186 557
299 425
671 197
409 258
179 920
397 265
994 530
132 405
268 515
633 423
249 11
930 692
710 736
268 528
248 664
954 132
860 19
458 681
158 209
292 594
841 632
249 970
424 744
982 125
252 919
823 705
930 998
227 896
623 927
713 767
130 646
974 247
452 927
103 355
426 727
973 555
135 271
529 694
73 612
689 669
845 434
719 308
799 714
857 305
460 336
827 710
865 539
316 251
121 62
510 406
785 30
370 677
592 309
202 473
17 666
872 268
205 214
626 196
36 490
561 630
535 485
483 354
828 429
625 994
590 490
879 693
652 550
637 721
616 556
130 778
63 600
382 558
822 529
761 904
903 563
130 597
303 244
319 58
51 884
583 947
193 25
70 773
706 463
518 468
200 736
414 844
593 378
897 322
583 977
760 534
571 23
975 797
665 952
919 561
58 564
760 376
466 180
891 57
12 319
139 64
813 949
909 1
891 140
86 953
632 435
127 878
337 543
82 518
826 189
914 588
564 733
930 538
865 315
104 385
249 626
205 295
759 556
668 174
949 194
743 836
29 675
359 115
883 347
109 619
683 160
943 155
66 183
420 398
371 802
498 958
311 566
682 501
672 227
796 634
308 464
973 889
945 541
44 215
362 21
212 399
734 224
805 67
145 966
373 13
733 495
296 67
442 663
90 676
675 927
839 91
562 871
645 445
90 293
312 582
875 823
329 288
354 779
193 380
694 366
193 963
856 49
202 584
101 867
88 682
668 89
639 130
231 575
384 704
557 501
464 894
228 444
113 805
218 326
395 944
41 464
966 898
203 218
822 998
308 423
490 624
956 65
136 876
229 565
575 461
127 59
472 161
605 446
99 808
11 661
186 681
321 475
705 692
334 142
777 213
478 521
256 28
932 99
296 262
553 396
1 872
835 680
425 418
44 290
889 129
385 614
894 875
968 172
306 886
673 38
827 908
499 160
80 598
864 98
63 418
907 879
800 50
78 280
573 234
836 153
989 461
763 84
367 872
743 751
661 16
267 331
874 20
185 102
438 235
710 853
737 4
498 278
802 437
81 924
28 326
657 930
288 141
194 988
845 281
433 999
184 506
753 632
502 609
147 650
363 599
988 942
791 581
25 131
390 781
211 518
918 979
941 620
165 448
651 699
471 639
659 482
699 686
643 426
569 85
645 823
186 380
304 708
310 920
324 535
577 39
974 886
983 72
349 160
708 424
864 24
108 719
273 509
827 800
367 116
841 86
624 972
254 10
137 206
415 113
961 670
407 835
144 15
589 341
246 421
286 223
199 123
32 503
355 53
912 283
6 776
236 614
759 969
754 512
690 937
250 626
288 289
265 338
211 532
954 329
488 338
705 526
576 378
157 431
895 330
628 440
286 604
673 924
576 626
6 829
285 335
402 165
85 74
767 980
134 540
705 36
142 625
169 847
745 76
439 658
499 38
4 769
285 978
208 503
670 100
565 761
447 676
477 334
182 913
213 683
306 881
70 737
694 670
421 210
860 206
702 508
296 812
920 68
465 780
902 910
787 451
388 959
579 485
101 340
478 313
149 158
715 393
175 967
338 141
434 609
313 447
656 946
867 825
6 144
997 842
425 554
7 826
470 341
60 975
731 192
529 362
512 741
382 526
17 852
632 504
996 741
765 893
110 711
797 233
210 901
905 315
692 458
834 328
333 367
872 91
160 797
472 713
262 62
212 754
327 888
326 118
885 264
375 455
127 441
862 657
43 613
184 726
10 515
237 246
391 358
724 586
980 816
338 119
827 466
155 866
36 663
555 793
347 142
700 161
303 992
765 782
250 359
999 666
103 892
547 551
220 158
745 495
162 401
556 765
881 28
324 840
142 148
577 143
379 977
140 624
359 207
729 892
795 730
580 34
746 276
469 576
829 838
233 316
900 93
763 137
354 959
851 34
611 183
287 270
758 763
433 976
709 682
237 542
74 948
476 919
396 714
929 272
640 249
946 462
582 264
492 512
198 90
680 286
854 694
889 922
31 418
871 930
208 639
862 264
144 45
328 784
675 288
552 858
251 70
361 797
878 355
26 568
58 971
491 300
250 89
670 287
933 974
97 112
420 711
58 132
695 853
382 793
655 397
803 886
553 556
664 380
376 384
288 368
146 707
5 568
948 610
718 22
642 269
202 1000
144 368
558 874
624 432
320 496
848 743
143 436
396 967
833 463
621 953
268 778
412 100
817 494
427 386
35 905
482 416
440 28
894 339
384 34
985 859
632 911
800 405
827 277
201 23
449 737
948 410
83 229
221 385
286 266
482 17
314 265
3 924
582 891
228 123
807 348
449 127
434 130
311 936
309 357
368 819
173 196
713 35
675 198
893 522
517 283
872 301
823 816
161 90
499 510
245 952
213 628
85 484
540 83
956 682
258 110
121 963
263 544
494 888
197 177
602 862
254 814
1000 25
684 37
532 840
429 96
830 485
675 193
436 783
58 235
152 39
727 7
48 848
321 296
792 134
671 113
258 178
95 657
688 585
292 129
16 426
646 182
647 224
978 162
924 619
746 161
992 112
266 627
498 293
297 232
668 404
444 448
520 227
502 434
770 192
622 299
25 302
666 764
161 584
807 55
686 94
294 532
70 788
338 159
884 309
566 575
861 561
822 195
407 681
20 899
810 385
801 46
632 639
97 541
399 529
261 23
256 458
211 686
421 796
372 390
466 493
807 468
601 298
876 321
448 44
640 306
699 793
809 744
330 553
673 687
618 468
1000 257
348 346
671 280
205 313
74 656
236 524
25 464
558 760
351 659
834 402
792 195
711 833
371 831
10 231
979 813
528 166
878 895
811 893
932 335
904 796
375 768
434 318
364 647
165 675
923 65
525 984
371 391
7 643
419 32
969 758
430 359
893 926
289 85
886 262
711 822
334 725
706 35
584 196
700 897
890 625
916 951
97 449
887 605
150 344
851 188
473 768
974 65
856 970
197 163
883 479
796 180
270 151
714 635
992 497
171 166
801 16
820 2
863 107
647 92
162 900
552 532
501 751
841 678
364 63
405 388
799 497
260 160
880 522
785 556
802 504
808 163
262 96
157 727
990 630
138 992
725 687
177 89
407 506
16 251
240 481
643 160
46 877
757 102
750 616
369 891
789 146
906 321
645 695
615 4
652 828
146 211
995 662
842 306
463 88
853 963
600 279
843 717
816 460
399 29
39 954
664 726
760 363
127 60
40 34
359 690
136 453
475 879
26 134
833 875
945 292
228 621
542 43
359 709
804 585
893 940
957 834
207 940
795 398
286 10
509 113
815 160
565 810
67 30
22 723
178 3
194 455
112 444
301 947
782 103
415 113
495 321
959 311
374 774
852 421
541 138
171 353
78 209
756 722
977 957
19 506
556 27
764 694
187 929
44 160
152 1
497 784
56 526
234 121
459 325
812 683
517 579
226 311
442 774
467 763
271 313
215 871
976 453
696 728
518 42
608 550
981 259
91 172
851 641
304 927
900 593
715 107
507 966
198 962
888 208
820 154
269 330
366 275
668 724
673 768
45 732
37 475
200 76
417 528
806 188
39 906
946 17
736 884
771 380
81 128
651 554
296 585
686 827
97 603
158 937
902 642
26 634
234 133
651 785
134 213
598 66
295 20
863 845
607 555
481 892
569 702
300 631
153 855
146 822
56 99
241 126
575 509
227 335
636 796
431 6
195 780
526 275
364 934
773 722
951 39
743 87
138 682
154 832
758 641
911 992
741 293
38 72
492 77
587 762
616 675
334 774
793 229
502 590
220 466
722 956
506 136
435 117
736 696
985 115
893 528
616 650
58 381
42 790
378 758
597 121
454 871
336 500
536 116
573 525
429 632
235 555
818 279
490 399
278 307
308 493
750 267
929 713
830 198
860 949
651 942
734 215
687 643
18 956
148 460
124 417
308 480
749 268
638 171
492 941
917 617
405 890
288 898
162 653
15 185
855 334
145 702
527 493
236 440
137 639
684 522
630 774
810 356
548 600
155 469
479 608
96 413
3 896
448 313
178 724
686 482
592 829
419 727
225 514
808 106
504 178
44 373
782 235
536 383
869 866
3 472
739 345
488 364
907 652
108 266
616 205
846 132
776 246
378 785
434 717
627 651
825 661
516 612
649 262
967 430
202 317
949 891
728 717
944 199
377 636
267 196
227 831
693 365
849 71
433 902
308 587
873 151
643 196
657 353
783 541
62 265
702 858
301 923
299 911
848 320
437 953
457 133
758 263
643 472
586 559
829 335
728 603
15 752
414 251
766 265
598 366
342 467
871 970
245 852
341 801
633 651
881 793
929 376
761 765
9 800
656 372
697 566
681 442
401 469
39 444
910 439
490 970
550 400
606 671
757 947
729 992
496 555
896 599
317 390
646 787
862 593
425 580
544 726
333 68
502 509
628 228
699 717
668 59
409 993
454 118
208 867
198 927
633 708
761 719
165 224
761 122
847 935
537 885
331 838
894 238
710 853
787 442
269 801
395 294
237 860
423 59
219 476
38 955
759 286
819 296
401 328
492 642
104 356
190 189
146 941
458 537
150 997
143 712
689 627
141 667
349 985
900 563
47 571
51 876
324 387
156 171
389 321
190 864
439 489
338 837
256 206
200 501
92 726
292 206
5 64
601 423
639 703
301 622
130 35
300 228
72 161
689 183
953 70
176 859
302 820
97 989
9 29
509 506
765 986
450 214
163 79
387 716
775 51
382 965
102 732
995 724
615 959
709 252
231 709
879 185
496 191
337 455
954 422
812 125
894 309
744 575
315 949
711 570
528 214
779 762
768 526
36 589
107 419
348 210
809 71
505 219
555 299
806 403
96 601
68 780
5 844
468 57
966 288
295 153
673 253
15 865
86 671
279 475
278 815
741 746
282 41
328 357
383 702
481 963
762 277
143 237
40 235
95 563
25 730
731 38
176 443
802 707
715 681
234 705
596 821
493 876
833 267
86 133
592 635
587 148
357 302
951 809
489 517
166 73
797 840
155 759
182 810
566 895
466 537
736 317
852 906
288 733
747 507
954 315
887 540
839 74
499 44
894 277
296 324
428 46
668 730
697 212
669 970
358 175
608 755
587 485
480 471
239 435
33 165
182 551
803 109
619 853
468 622
916 675
837 364
240 744
160 583
273 490
806 374
993 502
390 923
209 696
648 203
294 723
886 691
210 746
480 835
433 298
207 678
927 92
273 951
481 465
901 863
161 603
148 678
955 292
431 687
307 917
267 519
53 549
933 731
93 780
624 152
36 912
186 779
670 646
321 688
701 443
579 814
565 697
949 535
482 331
698 412
700 558
929 197
178 691
174 975
470 935
182 177
140 964
345 811
136 278
392 194
290 516
769 712
877 663
767 337
361 371
138 579
161 744
576 172
169 135
674 193
59 920
301 737
366 945
47 9
589 818
226 323
754 35
920 610
676 422
402 873
434 706
257 537
525 908
435 435
265 336
540 19
625 803
430 20
27 886
45 338
701 722
105 96
973 322
138 363
44 25
215 693
505 237
253 638
44 530
298 105
19 321
466 775
853 278
139 484
609 938
932 625
322 685
293 17
678 757
160 270
896 896
412 951
215 979
161 761
393 903
275 295
250 494
182 46
780 445
147 432
487 22
398 393
901 413
805 328
400 701
326 623
528 874
572 468
624 874
917 483
926 575
891 186
79 536
614 924
935 300
851 314
57 746
853 315
937 649
345 884
208 886
367 493
884 77
491 449
357 365
774 332
169 998
865 394
624 915
965 92
147 756
770 882
567 291
244 305
182 343
594 795
436 730
687 734
963 413
442 58
369 784
37 951
88 171
639 697
956 671
662 210
172 417
670 953
809 641
968 103
401 809
500 767
672 880
960 811
665 908
726 913
443 869
845 492
853 130
680 626
867 699
34 320
703 713
585 827
27 923
865 809
761 105
363 447
251 272
217 392
812 602
631 352
194 623
911 377
9 648
936 58
975 345
343 327
93 919
182 329
698 28
434 46
963 344
419 394
727 391
17 786
73 463
977 902
933 844
82 5
852 35
776 431
4 707
529 607
441 271
3 577
364 585
870 251
225 465
89 887
402 862
737 780
667 34
270 702
200 344
596 511
858 996
107 592
540 586
664 793
962 825
633 629
617 275
846 600
868 881
574 212
826 522
226 924
118 798
994 333
719 298
576 215
32 852
335 502
92 545
773 375
912 992
793 300
299 206
322 899
990 1
167 838
582 434
175 752
699 220
985 130
96 498
833 289
546 196
685 770
823 413
981 11
798 986
155 611
29 642
1000 603
989 266
94 562
270 197
158 941
640 955
518 276
405 462
505 832
227 940
764 454
326 367
645 296
445 103
831 481
648 483
679 61
353 252
158 721
473 942
668 480
874 114
788 874
162 291
901 181
715 481
665 52
461 527
854 553
596 169
581 879
976 492
709 499
744 312
140 209
729 464
368 562
797 361
97 286
306 425
321 830
256 383
434 511
358 952
809 545
947 773
563 964
50 542
810 5
580 501
551 437
689 874
171 693
106 80
604 643
869 668
682 324
276 778
99 602
568 393
849 533
116 360
949 727
818 378
226 394
366 125
257 707
95 339
719 766
239 807
405 848
616 534
452 456
271 71
387 197
818 230
352 701
731 44
657 796
913 102
4 743
188 906
431 16
443 326
254 373
539 255
675 124
663 415
217 307
540 21
223 431
500 503
445 538
860 127
697 423
452 576
147 854
997 567
822 457
574 650
675 509
247 678
500 709
342 407
745 230
152 625
360 762
23 442
333 275
515 817
22 864
878 481
300 834
514 34
202 453
491 462
383 147
984 256
48 928
222 103
928 538
192 586
42 913
504 215
426 275
237 551
265 921
663 74
600 398
360 195
449 247
72 927
981 629
933 148
338 881
586 718
150 460
55 473
37 398
486 258
511 850
840 926
193 272
832 142
71 309
927 954
285 896
163 997
359 424
345 358
283 717
677 441
551 384
29 357
486 580
571 378
32 456
230 415
566 620
975 613
117 664
101 135
647 266
292 890
275 929
204 383
768 98
984 188
226 600
859 884
990 967
362 426
503 358
169 298
751 47
550 734
725 802
706 440
562 779
655 526
389 656
882 341
570 287
702 758
171 743
585 522
654 166
74 2
83 813
835 817
136 241
833 394
690 292
696 787
996 927
573 841
906 953
992 798
773 596
416 214
248 326
13 289
821 370
839 771
566 823
321 611
422 284
9 225
461 115
801 656
714 78
595 420
953 704
703 995
73 627
898 912
468 418
852 421
818 228
743 304
642 431
813 364
755 903
240 769
506 461
71 585
800 908
868 359
43 395
165 112
220 435
966 693
767 918
151 384
797 751
541 681
656 844
378 800
799 391
353 417
301 709
508 828
876 671
831 981
465 119
293 557
822 399
122 174
474 637
50 865
27 1000
110 457
724 954
658 839
390 463
344 475
232 630
72 195
932 534
431 836
862 718
850 581
240 76
351 680
644 245
565 924
36 946
583 959
653 796
123 869
649 206
60 618
761 557
817 592
996 868
291 940
405 942
974 492
706 430
201 132
317 333
147 4
24 949
643 432
44 169
642 797
305 208
822 340
4 773
575 181
457 680
320 793
851 141
237 421
570 910
66 432
287 750
395 662
245 730
973 617
630 888
506 257
46 28
589 384
728 909
998 648
442 142
682 59
520 663
316 556
388 613
814 782
64 889
559 190
157 923
755 221
97 326
528 320
883 390
997 416
71 864
7 67
992 623
73 422
301 818
932 566
80 722
331 525
996 712
722 587
853 147
399 359
394 311
265 656
920 114
348 245
359 407
619 640
758 560
522 23
574 459
283 961
957 679
453 1000
148 616
27 203
504 70
291 650
778 203
777 763
839 653
638 542
4 42
333 227
402 982
705 848
393 659
60 705
813 239
320 770
482 514
281 948
65 938
768 368
682 378
85 504
873 953
488 50
801 447
66 664
482 312
902 383
778 620
434 939
630 213
979 147
114 890
307 177
998 123
330 333
299 707
971 795
700 274
727 632
595 740
333 905
48 462
512 510
439 374
689 520
403 985
487 227
724 105
777 580
800 268
416 842
91 699
647 479
765 672
446 874
107 162
37 971
47 576
47 970
272 949
577 475
281 39
689 520
494 222
292 626
181 249
268 945
928 653
39 372
288 22
995 167
606 421
701 381
936 276
151 573
295 543
307 715
919 381
325 998
985 559
370 870
808 920
228 949
390 934
844 425
432 758
631 700
197 991
705 799
516 251
904 871
377 931
41 897
237 894
221 471
782 986
755 512
873 719
654 288
707 603
523 256
402 441
790 81
397 691
392 391
458 925
890 345
745 748
667 952
714 559
353 130
925 122
579 887
626 523
30 202
163 374
902 22
255 575
923 89
546 446
111 923
206 10
402 70
126 768
37 351
918 482
792 583
791 284
166 664
235 713
517 613
118 497
969 302
276 953
263 165
843 693
933 149
700 534
710 991
121 80
309 395
525 260
594 653
46 667
331 549
962 865
52 135
297 449
675 368
579 515
460 72
227 54
394 538
345 703
370 477
987 60
956 493
676 350
62 336
291 50
414 340
16 605
428 474
809 652
726 397
66 121
592 516
710 176
602 606
515 423
732 657
248 395
759 820
720 216
701 870
165 103
187 13
831 229
641 978
975 96
32 412
928 632
856 394
355 423
184 740
258 505
894 407
826 305
803 211
920 96
746 14
882 545
728 809
155 751
374 746
232 959
841 239
671 403
687 220
690 878
197 833
380 703
978 122
630 155
660 504
650 43
88 889
291 869
497 581
134 956
609 44
686 121
451 972
662 74
334 878
160 757
958 963
314 154
600 914
809 207
825 41
300 130
245 368
105 224
604 398
272 525
402 119
389 273
150 834
727 515
718 994
29 855
559 291
600 14
450 65
345 64
776 962
116 121
954 60
46 440
544 651
993 26
231 71
609 614
204 475
825 426
237 426
679 481
753 217
245 998
133 276
831 302
212 268
546 198
646 533
53 365
56 355
759 94
826 898
639 933
510 321
196 163
711 451
351 966
945 949
736 316
988 772
75 447
993 566
185 775
99 92
651 363
898 572
783 649
280 456
826 698
652 277
671 835
750 141
76 97
64 647
340 154
226 592
60 285
198 653
71 390
128 282
819 676
839 689
792 321
832 711
309 123
835 376
453 33
903 982
419 438
198 75
648 420
388 934
811 946
898 650
317 889
793 723
190 205
664 319
835 121
888 683
906 391
185 276
716 456
374 550
117 555
512 644
719 181
967 405
43 108
728 77
658 777
659 829
643 596
87 220
668 994
446 39
353 944
219 503
998 441
273 88
147 123
952 360
260 318
90 312
757 628
702 137
449 574
308 280
413 122
843 154
608 110
607 327
151 917
843 695
527 328
205 457
179 42
142 227
428 674
575 431
794 121
17 821
783 177
972 16
74 743
412 787
581 190
495 951
781 739
25 336
222 677
670 435
511 136
277 295
768 64
775 634
123 505
93 564
508 322
171 859
588 792
862 648
528 868
405 688
545 213
129 836
791 192
381 36
391 732
341 407
332 98
963 34
498 689
496 328
426 640
701 579
878 293
526 672
930 925
744 198
700 533
882 957
793 725
332 121
550 704
723 155
841 892
899 824
648 48
784 157
71 643
448 666
657 67
457 661
153 436
531 852
539 811
455 375
222 784
424 710
218 437
783 795
524 596
351 10
907 210
29 745
168 453
735 522
167 538
941 290
386 53
87 195
429 647
187 192
907 590
154 910
879 611
327 828
814 811
924 331
261 711
825 107
509 587
956 875
380 120
488 276
610 726
944 926
690 316
841 495
362 994
704 547
770 386
398 271
945 459
53 973
684 716
111 626
836 397
102 92
82 833
888 384
264 579
358 594
447 147
60 705
250 904
75 777
365 554
311 992
758 572
556 781
977 158
466 872
222 863
20 498
107 285
275 262
159 918
685 946
637 219
919 317
813 492
836 178
204 347
902 189
220 181
545 528
229 130
631 457
729 312
322 967
884 112
677 606
777 873
946 790
356 547
817 352
494 802
669 737
432 269
927 798
254 679
575 415
423 163
840 224
944 936
317 44
89 311
182 316
553 883
358 706
435 474
218 836
123 252
954 246
416 713
662 276
967 126
20 220
358 185
146 730
859 86
77 465
996 224
155 480
950 551
607 39
421 161
498 256
755 187
706 889
6 316
329 972
785 306
593 737
945 455
601 118
728 190
157 614
697 242
177 663
74 384
897 690
747 944
27 219
291 725
363 35
725 592
56 610
871 18
382 475
461 861
769 731
421 668
178 14
528 294
736 102
764 750
635 561
290 750
354 350
246 987
779 338
88 586
714 791
646 945
907 780
823 12
376 507
278 129
799 143
317 587
85 652
118 239
854 218
227 940
184 37
263 790
27 38
546 834
756 454
630 422
768 815
757 129
714 127
332 237
569 102
864 1000
497 285
131 333
806 987
706 966
138 794
626 995
274 475
639 492
897 242
437 417
214 679
909 585
431 112
991 989
67 509
765 330
848 93
926 76
769 662
226 670
818 696
788 625
256 988
642 495
80 27
190 997
399 85
922 527
43 237
264 377
702 404
973 210
601 253
15 678
377 618
746 471
843 687
679 327
302 821
847 147
387 644
444 221
466 787
395 285
285 16
885 939
616 90
680 623
81 129
641 112
582 640
720 121
844 840
841 106
109 350
278 513
703 391
970 571
853 961
286 89
336 855
944 550
313 894
797 610
320 561
427 369
198 926
225 681
305 386
907 456
72 2
647 229
303 580
913 852
171 400
251 764
654 116
859 754
546 141
823 5
64 593
480 140
185 810
31 323
339 861
647 517
974 746
692 233
952 673
667 298
468 136
68 899
880 52
196 478
853 24
517 769
765 419
121 478
856 871
616 657
247 836
221 195
291 328
229 772
258 131
387 827
116 608
764 139
899 13
343 47
190 323
233 291
567 963
372 321
316 595
587 809
125 956
16 126
201 751
628 160
553 143
585 551
44 854
577 512
992 340
392 581
422 715
306 851
601 854
354 278
95 356
562 178
885 580
337 956
970 179
121 160
171 991
200 833
404 218
400 75
797 496
264 340
197 384
591 738
415 311
90 333
383 281
453 975
811 211
56 819
756 581
456 692
627 508
273 715
238 310
278 538
732 498
389 484
856 567
656 971
806 974
765 843
715 174
565 492
26 155
19 97
309 374
399 236
490 394
284 811
227 339
5 243
322 785
131 651
700 290
271 181
686 607
15 323
282 922
893 348
791 410
457 67
680 384
705 542
803 890
484 829
748 551
715 518
937 831
324 428
425 821
423 605
297 620
754 183
198 509
969 78
181 719
64 867
384 276
233 856
409 571
743 703
532 438
401 788
153 901
818 138
841 58
908 541
269 592
816 160
611 615
862 678
177 44
331 18
608 804
485 789
59 90
21 390
807 806
535 264
78 689
199 458
804 876
399 872
135 318
273 474
88 431
961 635
805 886
372 467
676 352
803 696
294 483
13 851
458 834
477 234
746 46
591 414
660 566
798 478
462 704
139 201
505 509
907 499
570 159
752 948
791 226
878 824
301 488
786 479
325 59
927 741
554 452
443 986
927 354
769 104
659 243
41 889
955 453
336 25
507 210
692 547
594 233
650 23
621 689
732 263
844 942
85 464
40 705
453 536
977 401
536 8
4 704
788 5
693 986
494 915
820 972
47 394
7 184
366 84
294 964
217 688
484 607
121 209
212 465
284 308
984 729
959 95
489 592
527 473
69 841
878 312
650 790
266 89
718 690
366 327
632 39
510 875
65 116
467 417
199 414
964 364
23 498
64 768
471 976
470 620
124 477
631 514
782 281
703 500
838 798
657 208
446 32
769 698
436 466
946 743
255 419
779 893
540 624
407 341
171 919
358 484
639 666
502 996
269 575
682 505
362 786
426 9
10 226
106 810
690 609
386 897
855 826
11 497
420 233
672 566
589 631
419 869
186 510
7 588
712 943
334 449
204 429
968 544
672 668
53 329
899 18
316 472
119 38
136 572
455 793
405 73
444 594
706 136
907 815
156 84
816 408
971 552
376 885
508 621
792 818
958 50
878 825
860 988
461 874
130 371
662 227
411 575
833 509
178 725
228 812
573 340
45 466
62 948
68 75
472 56
954 433
351 760
680 98
684 108
650 236
821 84
730 959
639 192
179 351
764 213
655 517
769 833
816 217
711 468
184 426
907 489
730 313
345 109
474 925
477 602
443 947
323 788
957 877
663 526
256 686
740 193
392 233
337 317
665 722
384 449
457 902
655 727
201 509
980 470
962 942
880 612
193 353
873 970
472 712
101 815
716 700
337 114
343 909
241 395
55 572
904 382
623 601
148 509
36 807
996 542
3 532
728 794
82 617
287 259
145 140
203 837
986 21
719 268
665 900
150 694
185 508
252 161
995 4
833 981
394 157
526 357
639 827
93 90
295 616
21 102
571 901
719 147
770 256
923 688
644 527
874 61
134 829
450 205
685 399
577 908
341 689
672 223
799 821
420 147
982 638
323 973
439 883
633 615
626 668
988 454
446 944
722 185
510 498
559 738
286 514
453 284
710 184
513 578
617 196
144 944
436 65
434 705
687 199
59 844
586 497
774 137
725 697
541 153
768 797
594 403
513 131
93 198
891 699
728 52
747 859
406 901
636 13
535 215
44 618
316 946
636 195
238 865
725 169
828 600
1 619
420 714
560 633
200 815
360 190
842 556
156 549
612 762
383 80
203 698
335 306
400 6
245 89
548 646
644 289
157 914
105 80
479 272
468 316
139 87
764 280
21 262
732 37
812 823
535 522
354 367
679 874
88 196
676 936
112 177
564 524
104 313
688 923
593 351
950 618
330 688
65 2
81 301
241 526
953 558
565 973
328 521
804 869
955 641
687 918
186 743
311 380
711 973
430 362
996 808
180 59
895 616
313 254
643 869
123 468
142 699
580 69
898 70
897 377
921 821
632 562
696 851
570 66
353 986
293 160
72 506
401 617
629 172
489 43
16 598
474 679
929 346
516 400
364 564
417 943
974 501
653 660
389 932
187 431
760 204
938 755
917 954
242 464
358 230
764 958
819 895
63 169
705 297
771 105
723 727
847 939
84 42
300 350
132 87
773 200
386 797
27 960
999 790
582 217
661 778
678 812
338 867
785 47
138 838
883 30
734 108
626 466
311 214
499 135
232 52
419 594
637 426
253 331
427 732
585 544
