753 
747 
684 
569 
409 
591 
250 
1 57 349 67 7 258 189 190 360 116 65 384 6 400 171 88 273 156 292 690 359 117 285 60 127 191 115 39 152 624 140 145 282 128 81 790 42 4 147 195 72 38 27 80 105 149 492 565 229 83 483 293 90 59 120 380 186 136 14 178 382 619 109 93 848 48 310 29 9 47 343 182 2 74 69 580 49 841 573 124 416 185 15 144 504 85 289 13 187 705 40 223 286 97 19 51 608 228 12 231 10 206 137 394 41 351 37 184 426 16 431 157 118 326 28 21 362 222 494 130 78 714 396 553 132 58 319 664 66 570 373 44 177 112 165 33 453 168 632 429 204 92 99 56 472 3 252 123 173 623 194 86 859 176 710 424 212 276 133 196 267 339 95 811 284 422 73 68 333 131 25 193 674 162 107 22 288 329 53 355 103 181 220 20 295 205 302 357 309 71 271 135 52 232 297 750 287 354 715 272 251 316 233 327 366 64 5 82 155 26 788 70 402 216 390 303 791 609 434 502 335 227 142 322 361 304 743 370 301 872 213 134 582 312 169 63 364 488 731 435 239 813 363 138 541 643 238 894 170 379 642 256 498 23 201 139 76 200 773 436 143 577 842 997 150 812 296 321 372 656 265 62 121 234 439 460 148 485 274 270 160 260 525 331 253 375 455 268 376 760 558 290 245 348 377 264 512 754 243 315 110 347 639 91 367 756 757 414 199 687 673 527 461 389 647 46 119 338 45 741 441 430 706 75 198 153 305 244 43 489 620 470 484 358 345 508 626 111 387 324 682 458 644 125 982 709 500 336 328 291 559 457 631 300 491 259 981 698 203 383 395 241 699 651 365 693 215 535 211 146 636 803 323 31 477 237 180 36 381 701 84 510 499 906 188 533 646 548 399 490 590 654 907 685 763 467 342 262 275 526 655 798 593 531 334 592 226 579 317 202 30 77 224 393 398 420 595 931 648 545 445 444 985 403 520 689 341 407 151 524 225 299 555 235 438 419 255 539 538 167 800 378 544 263 732 102 421 246 278 473 55 807 542 50 958 764 666 17 482 443 572 758 432 668 672 549 988 860 597 765 35 94 154 314 851 306 640 785 454 197 448 487 311 89 32 446 546 605 412 423 308 719 108 734 550 374 163 210 507 850 511 516 509 463 833 711 261 614 236 650 574 298 433 954 724 927 240 368 606 320 34 514 667 141 727 723 294 528 417 172 576 452 450 468 518 534 616 249 340 101 313 104 769 517 307 217 113 415 230 481 679 214 254 346 928 479 786 883 669 929 900 665 922 475 279 600 828 652 809 401 837 628 611 879 581 392 653 594 629 464 242 344 963 567 856 853 330 79 269 506 663 442 681 787 466 827 585 688 405 861 967 175 465 943 712 996 858 552 971 192 770 702 936 676 447 801 819 427 944 353 657 428 862 602 952 515 694 529 822 983 941 158 469 641 947 583 513 792 588 914 159 955 717 283 912 742 746 974 806 933 779 562 917 898 826 248 350 621 855 677 857 934 8 536 388 761 161 700 716 257 1000 864 918 767 713 703 418 425 844 704 462 946 680 835 480 671 630 561 635 961 919 476 183 219 209 505 889 973 637 208 886 805 888 474 114 337 874 920 179 895 566 607 686 660 729 975 174 122 413 96 318 840 532 601 908 797 386 986 782 814 897 547 356 810 106 610 910 207 902 737 18 871 459 391 371 615 587 722 87 823 645 752 875 956 780 497 11 586 540 887 799 992 911 993 745 617 633 560 865 962 575 411 949 24 369 596 768 126 964 563 281 845 863 522 735 277 496 408 816 980 762 612 880 893 951 495 733 564 916 901 406 571 385 221 755 938 556 759 578 899 926 970 873 777 658 554 707 451 802 618 950 568 708 979 725 634 622 775 404 584 821 921 966 796 904 793 881 868 913 726 876 166 493 804 866 869 903 54 61 824 878 896 945 744 776 449 977 948 808 519 909 683 604 728 696 521 478 736 818 589 830 692 456 280 930 991 925 557 978 846 984 839 994 625 890 815 932 718 697 501 939 847 885 537 397 836 129 218 854 247 990 953 437 551 748 670 720 867 834 884 957 882 972 820 486 843 965 999 923 915 995 877 695 772 440 659 774 325 959 730 795 783 781 831 937 998 675 968 960 832 662 739 164 266 989 852 969 987 638 503 661 825 817 838 829 649 849 891 352 332 789 613 627 778 935 678 471 905 523 749 924 794 766 771 410 598 870 784 740 976 738 940 751 
530 
100 
942 
603 
98 
892 
721 
543 
691 
599 
